r0 = 10
r1 = 0
r2 = 0
r3 = 1        
r1 = r1+r3    <--|
r2 = r2+r1       |
if r1 != 10 jump |

loop{}

0 0 0 0 0 
1 10 0 0 0 
2 10 0 0 0
3 10 0 0 0
0:
4 10 0 0 1
5 10 1 0 1
6 10 1 1 1
1:
4 10 1 1 1
5 10 2 1 1
6 10 2 3 1
2:
4 10 2 3 1
5 10 3 3 1
6 10 3 6 1
3:
4 10 3 6 1
5 10 4 6 1
6 10 4 10 1
4:
4 10 4 10 1
5 10 5 10 1
6 10 5 15 1
5:
4 10 5 15 1
5 10 6 15 1
6 10 6 21 1
6:
4 10 6 21 1
5 10 7 21 1
6 10 7 28 1
7:
4 10 7 28 1
5 10 8 28 1
6 10 8 36 1
8:
4 10 8 36 1
5 10 9 36 1
6 10 9 45 1
9:
4 10 9 45 1
5 10 10 45 1
6 10 10 55 1

7 10 10 55 1
7 10 10 55 1
.
.
.
